>> a = [1 2; 3 4; 5 6]
a =

   1   2
   3   4
   5   6

>> b = [1 2 3 4]
b =

   1   2   3   4

>> c = [1; 3; 5]
c =

   1
   3
   5

>> a(2,1)
ans =  3
>> b(2)
ans =  2
>> c(3)
ans =  5