>> c(:,:,1) = [1 2 3; 4 5 6]
c =

   1   2   3
   4   5   6

>> c(:,:,2) = [7 8 9; 10 11 12]
c =

ans(:,:,1) =

   1   2   3
   4   5   6

ans(:,:,2) =

    7    8    9
   10   11   12