>> x = 1:2:10
x =

    1    3    5    7    9

>> angles = (0.01 : 0.01 : 1)*pi
angles =

 Columns 1 through 8:

    0.031416    0.062832    0.094248    0.125664    0.157080    0.188496    0.219911    0.251327

 Columns 9 through 16:

    0.282743    0.314159    0.345575    0.376991    0.408407    0.439823    0.471239    0.502655

 Columns 17 through 24:

    0.534071    0.565487    0.596903    0.628319    0.659734    0.691150    0.722566    0.753982

 Columns 25 through 32:

    0.785398    0.816814    0.848230    0.879646    0.911062    0.942478    0.973894    1.005310

 Columns 33 through 40:

    1.036726    1.068142    1.099557    1.130973    1.162389    1.193805    1.225221    1.256637

 Columns 41 through 48:

    1.288053    1.319469    1.350885    1.382301    1.413717    1.445133    1.476549    1.507964

 Columns 49 through 56:

    1.539380    1.570796    1.602212    1.633628    1.665044    1.696460    1.727876    1.759292

 Columns 57 through 64:

    1.790708    1.822124    1.853540    1.884956    1.916372    1.947787    1.979203    2.010619

 Columns 65 through 72:

    2.042035    2.073451    2.104867    2.136283    2.167699    2.199115    2.230531    2.261947

 Columns 73 through 80:

    2.293363    2.324779    2.356194    2.387610    2.419026    2.450442    2.481858    2.513274

 Columns 81 through 88:

    2.544690    2.576106    2.607522    2.638938    2.670354    2.701770    2.733186    2.764602

 Columns 89 through 96:

    2.796017    2.827433    2.858849    2.890265    2.921681    2.953097    2.984513    3.015929

 Columns 97 through 100:

    3.047345    3.078761    3.110177    3.141593