>> z1 = zeros(3)
z1 =

   0   0   0
   0   0   0
   0   0   0

>> z2 = zeros(3,4)
z2 =

   0   0   0   0
   0   0   0   0
   0   0   0   0

>> arr = [1 2; 3 4; 5 6]
arr =

   1   2
   3   4
   5   6

>> z3 = zeros(size(arr))
z3 =

   0   0
   0   0
   0   0

>> o1 = ones(4)
o1 =

   1   1   1   1
   1   1   1   1
   1   1   1   1
   1   1   1   1

>> o2 = ones(4,3)
o2 =

   1   1   1
   1   1   1
   1   1   1
   1   1   1

>> o3 = ones(size(arr))
o3 =

   1   1
   1   1
   1   1

>> e1 = eye(3)
e1 =

Diagonal Matrix

   1   0   0
   0   1   0
   0   0   1

>> e2 = eye(3,4)
e2 =

Diagonal Matrix

   1   0   0   0
   0   1   0   0
   0   0   1   0

>> l = length(o1)
l =  4
>> s = size(e2)
s =

   3   4

>> r1 = rand(2,3)
r1 =

   0.67260   0.62177   0.71749
   0.24253   0.70631   0.98402

>> r2 = rand(2)
r2 =

   0.605992   0.082579
   0.060084   0.831207

>> r3 = rand(2,3,4)
r3 =

ans(:,:,1) =

   0.59737   0.45259   0.34648
   0.78311   0.97043   0.85857

ans(:,:,2) =

   0.11922   0.96572   0.30045
   0.82216   0.50516   0.55294

ans(:,:,3) =

   0.414873   0.493974   0.042277
   0.555750   0.742691   0.333475

ans(:,:,4) =

   0.385496   0.111876   0.235482
   0.150597   0.088223   0.365532

>> r3 = rand([2,3,4,2])
r3 =

ans(:,:,1,1) =

   0.43470   0.90011   0.30206
   0.68268   0.36057   0.97483

ans(:,:,2,1) =

   0.539046   0.391312   0.042282
   0.568365   0.686558   0.041467

ans(:,:,3,1) =

   0.60748   0.63970   0.97982
   0.20872   0.48089   0.43914

ans(:,:,4,1) =

   0.62933   0.87346   0.37675
   0.50253   0.68112   0.22483

ans(:,:,1,2) =

   0.86097   0.82408   0.85681
   0.91313   0.49939   0.31429

ans(:,:,2,2) =

   0.372576   0.141341   0.291197
   0.029549   0.515714   0.107592

ans(:,:,3,2) =

   0.588360   0.911694   0.140403
   0.993182   0.088448   0.947605

ans(:,:,4,2) =

   0.35396   0.94809   0.15005
   0.56573   0.79036   0.25588